15 26 15
70
144 42 140 8 320
26 19 119 106 272
161 27 35 113 231
134 7 58 21 217
216 82 16 25 223
33 84 65 78 225
149 81 98 37 251
218 118 37 114 187
46 100 41 118 238
237 13 138 103 263
7 84 138 44 311
167 1 86 101 301
81 86 61 20 257
48 95 5 34 160
40 49 15 77 178
168 101 87 86 265
161 80 138 113 288
147 13 30 72 202
231 43 138 112 318
195 102 11 66 228
200 76 89 117 243
220 6 62 101 168
22 109 117 20 244
30 95 137 31 341
126 79 95 79 295
119 41 117 19 269
33 37 40 72 198
123 46 46 90 160
79 8 25 76 187
183 117 41 81 175
161 36 42 72 248
224 50 15 84 137
209 16 11 66 198
83 63 77 65 259
118 56 74 104 256
186 98 27 90 202
117 27 143 22 265
27 17 22 20 138
164 95 65 84 171
163 6 34 20 134
25 29 11 3 152
172 58 53 7 233
91 7 120 120 335
107 115 73 23 191
220 32 58 40 173
131 56 136 76 295
35 96 10 108 207
141 112 47 33 213
38 68 16 28 128
27 19 149 99 307
97 93 59 98 222
239 24 106 25 272
7 24 62 80 227
120 82 27 118 218
30 118 93 55 244
133 102 7 39 152
239 2 145 17 268
63 34 134 7 343
17 28 53 8 212
79 10 20 93 206
6 31 25 87 148
179 64 95 80 240
63 59 36 56 244
216 47 37 33 248
22 7 23 24 130
181 114 110 40 281
163 24 64 2 231
140 33 17 46 147
209 10 133 60 320
87 118 129 85 302